1 2 1
2 1 1
2 3 1
2 5 1
3 2 1
3 4 1
3 8 1
4 3 1
5 2 1
5 6 1
5 7 1
6 5 1
7 5 1
8 3 1
8 9 1
9 8 1
9 10 1
9 12 1
10 9 1
10 11 1
10 15 1
11 10 1
12 9 1
12 13 1
12 14 1
13 12 1
14 12 1
15 10 1
15 16 1
16 15 1
16 17 1
16 19 1
17 16 1
17 18 1
17 21 1
18 17 1
19 16 1
19 20 1
20 19 1
20 282 1
21 17 1
21 22 1
22 21 1
22 23 1
22 25 1
23 22 1
23 24 1
23 27 1
24 23 1
25 22 1
25 26 1
26 25 1
26 229 1
27 23 1
27 28 1
27 33 1
28 27 1
28 29 1
28 31 1
29 28 1
29 30 1
29 34 1
30 29 1
31 28 1
31 32 1
32 31 1
32 33 1
33 27 1
33 32 1
34 29 1
34 35 1
35 34 1
35 36 1
35 38 1
36 35 1
36 37 1
36 40 1
37 36 1
38 35 1
38 39 1
39 38 1
40 36 1
40 41 1
41 40 1
41 42 1
41 44 1
42 41 1
42 43 1
42 48 1
43 42 1
44 41 1
44 45 1
44 46 1
45 44 1
45 47 1
46 44 1
47 45 1
48 42 1
48 49 1
49 48 1
49 50 1
49 52 1
50 49 1
50 51 1
50 55 1
51 50 1
52 49 1
52 53 1
52 54 1
53 52 1
54 52 1
55 50 1
55 56 1
56 55 1
56 57 1
56 59 1
57 56 1
57 58 1
57 60 1
58 57 1
59 56 1
60 57 1
60 61 1
61 60 1
61 62 1
61 64 1
62 61 1
62 63 1
62 71 1
63 62 1
64 61 1
64 65 1
65 64 1
65 66 1
66 65 1
66 67 1
67 66 1
67 68 1
68 67 1
68 69 1
68 70 1
69 68 1
70 68 1
71 62 1
71 72 1
72 71 1
72 73 1
72 75 1
73 72 1
73 74 1
73 77 1
74 73 1
75 72 1
75 76 1
76 75 1
77 73 1
77 78 1
78 77 1
78 79 1
78 81 1
79 78 1
79 80 1
79 85 1
80 79 1
81 78 1
81 82 1
82 81 1
82 83 1
82 84 1
83 82 1
84 82 1
85 79 1
85 86 1
86 85 1
86 87 1
86 89 1
87 86 1
87 88 1
87 96 1
88 87 1
89 86 1
89 90 1
90 89 1
90 91 1
90 92 1
91 90 1
91 93 1
92 90 1
92 94 1
93 91 1
93 95 1
94 92 1
94 95 1
95 93 1
95 94 1
96 87 1
96 97 1
97 96 1
97 98 1
97 100 1
98 97 1
98 99 1
98 104 1
99 98 1
100 97 1
100 101 1
101 100 1
101 102 1
101 103 1
102 101 1
103 101 1
104 98 1
104 105 1
105 104 1
105 106 1
105 108 1
106 105 1
106 107 1
106 111 1
107 106 1
108 105 1
108 109 1
108 110 1
109 108 1
110 108 1
111 106 1
111 112 1
112 111 1
112 113 1
112 115 1
113 112 1
113 114 1
113 117 1
114 113 1
115 112 1
115 116 1
116 115 1
116 188 1
117 113 1
117 118 1
118 117 1
118 119 1
118 121 1
119 118 1
119 120 1
119 128 1
120 119 1
121 118 1
121 122 1
122 121 1
122 123 1
123 122 1
123 124 1
124 123 1
124 125 1
125 124 1
125 126 1
125 127 1
126 125 1
127 125 1
128 119 1
128 129 1
129 128 1
129 130 1
129 132 1
130 129 1
130 131 1
130 136 1
131 130 1
132 129 1
132 133 1
133 132 1
133 134 1
133 135 1
134 133 1
135 133 1
136 130 1
136 137 1
136 142 1
137 136 1
137 138 1
137 140 1
138 137 1
138 139 1
138 143 1
139 138 1
140 137 1
140 141 1
141 140 1
141 142 1
142 136 1
142 141 1
143 138 1
143 144 1
144 143 1
144 145 1
145 144 1
145 146 1
145 147 1
146 145 1
147 145 1
147 148 1
148 147 1
148 149 1
148 151 1
149 148 1
149 150 1
149 154 1
150 149 1
151 148 1
151 152 1
151 153 1
152 151 1
153 151 1
154 149 1
154 155 1
154 160 1
155 154 1
155 156 1
155 158 1
156 155 1
156 157 1
156 161 1
157 156 1
158 155 1
158 159 1
159 158 1
159 160 1
160 154 1
160 159 1
161 156 1
161 162 1
162 161 1
162 163 1
162 165 1
163 162 1
163 164 1
163 170 1
164 163 1
165 162 1
165 166 1
166 165 1
166 167 1
167 166 1
167 168 1
167 169 1
168 167 1
169 167 1
170 163 1
170 171 1
171 170 1
171 172 1
171 174 1
172 171 1
172 173 1
172 175 1
173 172 1
174 171 1
175 172 1
175 176 1
176 175 1
176 177 1
176 179 1
177 176 1
177 178 1
177 183 1
178 177 1
179 176 1
179 180 1
179 181 1
180 179 1
180 182 1
181 179 1
182 180 1
183 177 1
183 184 1
184 183 1
184 185 1
184 187 1
185 184 1
185 186 1
185 189 1
186 185 1
187 184 1
187 188 1
188 116 1
188 187 1
189 185 1
189 190 1
190 189 1
190 191 1
190 193 1
191 190 1
191 192 1
191 194 1
192 191 1
193 190 1
194 191 1
194 195 1
195 194 1
195 196 1
195 198 1
196 195 1
196 197 1
196 201 1
197 196 1
198 195 1
198 199 1
198 200 1
199 198 1
200 198 1
201 196 1
201 202 1
202 201 1
202 203 1
202 205 1
203 202 1
203 204 1
203 213 1
204 203 1
205 202 1
205 206 1
206 205 1
206 207 1
206 208 1
207 206 1
207 209 1
208 206 1
208 210 1
209 207 1
209 211 1
210 208 1
210 211 1
211 209 1
211 210 1
211 212 1
212 211 1
213 203 1
213 214 1
214 213 1
214 215 1
214 217 1
215 214 1
215 216 1
215 220 1
216 215 1
217 214 1
217 218 1
217 219 1
218 217 1
219 217 1
220 215 1
220 221 1
221 220 1
221 222 1
222 221 1
222 223 1
222 224 1
223 222 1
224 222 1
224 225 1
225 224 1
225 226 1
225 228 1
226 225 1
226 227 1
226 230 1
227 226 1
228 225 1
228 229 1
229 26 1
229 228 1
230 226 1
230 231 1
231 230 1
231 232 1
231 234 1
232 231 1
232 233 1
232 238 1
233 232 1
234 231 1
234 235 1
234 236 1
235 234 1
235 237 1
236 234 1
237 235 1
238 232 1
238 239 1
239 238 1
239 240 1
239 242 1
240 239 1
240 241 1
240 246 1
241 240 1
242 239 1
242 243 1
242 244 1
243 242 1
243 245 1
244 242 1
245 243 1
246 240 1
246 247 1
247 246 1
247 248 1
247 250 1
248 247 1
248 249 1
248 254 1
249 248 1
250 247 1
250 251 1
250 252 1
251 250 1
251 253 1
252 250 1
253 251 1
254 248 1
254 255 1
254 260 1
255 254 1
255 256 1
255 258 1
256 255 1
256 257 1
256 261 1
257 256 1
258 255 1
258 259 1
259 258 1
259 260 1
260 254 1
260 259 1
261 256 1
261 262 1
262 261 1
262 263 1
263 262 1
263 264 1
263 265 1
264 263 1
265 263 1
265 266 1
266 265 1
266 267 1
266 269 1
267 266 1
267 268 1
267 270 1
268 267 1
269 266 1
270 267 1
270 271 1
271 270 1
271 272 1
271 274 1
272 271 1
272 273 1
272 277 1
273 272 1
274 271 1
274 275 1
274 276 1
275 274 1
276 274 1
277 272 1
277 278 1
278 277 1
278 279 1
278 281 1
279 278 1
279 280 1
279 283 1
280 279 1
281 278 1
281 282 1
282 20 1
282 281 1
283 279 1
283 284 1
283 289 1
284 283 1
284 285 1
284 287 1
285 284 1
285 286 1
285 290 1
286 285 1
287 284 1
287 288 1
288 287 1
288 289 1
289 283 1
289 288 1
290 285 1
290 291 1
291 290 1
291 292 1
292 291 1
292 293 1
292 294 1
293 292 1
294 292 1
294 295 1
295 294 1
295 296 1
295 298 1
296 295 1
296 297 1
296 302 1
297 296 1
298 295 1
298 299 1
299 298 1
299 300 1
299 301 1
300 299 1
301 299 1
302 296 1
302 303 1
303 302 1
303 304 1
303 306 1
304 303 1
304 305 1
304 314 1
305 304 1
306 303 1
306 307 1
307 306 1
307 308 1
307 309 1
308 307 1
308 310 1
309 307 1
309 311 1
310 308 1
310 312 1
311 309 1
311 312 1
312 310 1
312 311 1
312 313 1
313 312 1
314 304 1
314 315 1
315 314 1
315 316 1
315 318 1
316 315 1
316 317 1
316 319 1
317 316 1
318 315 1
319 316 1
319 320 1
320 319 1
320 321 1
320 323 1
321 320 1
321 322 1
321 327 1
322 321 1
323 320 1
323 324 1
324 323 1
324 325 1
324 326 1
325 324 1
326 324 1
327 321 1
